[2854 1394    0    2    0    0   -2    2]
[4152 1046    0    0    0    0   -4    0]
[2548 1706    2   -2    0    0    0   -2]
[1106  296    2   -2    0    0    0    0]
[4096 2304    0    0    0    0    2    2]
[3022  252    2    0    0    0   -2    2]
[2700  758    0    0    0    0    0    2]
[3022  418    2    0    0    0    0    0]
[2538  268    0    2    0    0   -2    2]
[1582  288    2    2    0    0    0    0]
[3832  888   -2    2    0    0   -4    4]
[ 868 1730    6    0    0    0    0    0]
[2852 1852    0    2    0    0    0    0]
[3510  568    0    0    0    0   -2    0]
[3348  242    0    0    0    0   -2    2]
[2216  110    0    0    0    0   -2    0]
[3830 1048   -2    0    0    0   -2   -2]
[3470 2152    0    2    0    0    0    4]
[2698   96    0    0    0    0    0    0]
[2228  770    2    2    0    0    0    2]
[2700  264    2    0    0    0    0    0]
[2068  610    2    0    0    0    2    0]
[2542  762    0    0    0    0    0    0]
[ 834 1264    2    0    0    0   -2    0]
[4146 1370    2    2    0    0   -2    2]
[4268 1998    0    0    0    0    0    0]
[816 948   2   2   0   0   0   2]
[1110  458    0    2    0    0    0    2]
[2082 1248    2   -4    0    0    0   -2]
[2542 1084    0    0    0    0   -2    0]
[3016 1072    2    0    0    0    2    0]
[3020  586    0    4    0    0   -2    4]
[3996  884   -2    0    0    0   -2   -2]
[4286 1688    2    2    0    0   -2    2]
[1906  448    2    0    0    0    0    0]
[1928 1250    0   -2    0    0   -2   -4]
[2700 1852    0    0    0    0    0    0]
[2390 1244    2   -2    0    0    0    0]
[3174 1068    0    0    0    0   -2    0]
[3510  240    0    0    0    0    0    0]
[3664 1054    0    2    0    0   -2    2]
[3012 1232    0    0    0    0    0    0]
[3474 2000    0    0    0    0    0    2]
[3634 2000    0    2    0    0    0   -2]
[2396 1858    0    2    0    0   -2    4]
[1966 2590    0   -2    0    0   -2    2]
[2998 2728    0    0    0    0    0    0]
[3808 1690    0   -2    0    0   -2    0]
[2854 1236   -2    2    0    0   -2    2]
[2244 1706    2   -4    0    0    0   -8]
[3504  896   -2    2    0    0   -2    0]
[3650 1534    0    0    0    0    0    0]
[3150 2588    0   -2    0    0    0    0]
[3002 2150    0   -2    0    0   -2    4]
[3604 2738   -2    0    0    0   -2    4]
[3672  726    0   -2    0    0    0   -2]
[3496 1220    0    2    0    0    0    0]
[1104  140    0    0    0    0    0    0]
[1474 1414    2    0    0    0    2    2]
[2076  934    2    0    0    0    2    0]
[2404 2442    0    0    0    0    0    0]
[2702 3140    2    0    0    0    0    2]
[3348  406    2    0    0    0    0    0]
[3654 1376    0   -2    0    0   -2    2]
[2222  442    2    0    0    0    0    2]
[958 622   0   0   0   0   2   0]
[2224  608    0    2    0    0    0    2]
[1292  944    0    2    0    0    0    2]
[3790 2152    0    2    0    0    0    2]
[1526 2600    0    0    0    0    0    0]
[3180  742    0    0    0    0   -2    0]
[3182  580    0    4    0    0    0    2]
[ 826 1106    4    0    0    0    0   -2]
[2064  444    2    0    0    0    0    0]
[3320 1846    0   -2    0    0    0   -2]
[3500 1060    2    2    0    0   -2    2]
[3970 1690    0    0    0    0   -2    0]
[1914  774    0    0    0    0    0   -4]
[3154 2298    0    0    0    0   -2    2]
[2402 2298    0    0    0    0    0    0]
[2700  594    2    0    0    0    0    0]
[3340  898    0   -2    0    0   -2   -4]
[3332 1224   -2    2    0    0   -2    2]
[1284  780    2   -2    0    0   -2   -2]
[2060  280    0    0    0    0   -2    2]
[3826 1212    2   -2    0    0   -2    2]
[4278 1842    0   -2    0    0   -2   -2]
[ 888 2030    4   -2    0    0    0   -2]
[ 430 2046    4    0    0    0    0    0]
[1984 3142    2    2    0    0    0    4]
[3508  732    0    0    0    0    0    0]
[3512  402    0    0    0    0    0    0]
[1452  940    2   -2    0    0    0   -2]
[648 634  -2   2   0   0   0   2]
[3004 2000    0   -2    0    0    0    0]
[3166 1542   -2    0    0    0   -2    0]
[1624 1412   -2    0    0    0   -2   -2]
[1942 1714    0    0    0    0   -2    0]
[2116 2728    0    4    0    0    0    2]
[1802 2014    4    0    0    0    0   -2]
[2860  258    0    2    0    0    0    2]
[3492 1380    0    0    0    0    0    2]
[3988 1210    0    0    0    0   -2    2]
[2408 2866    0    2    0    0   -2    2]
[974 948   0   4   0   0  -2   4]
[2536  102    0    2    0    0   -2    2]
[1738  120    2    0    0    0    0    0]
[3184   84    0    2    0    0    0    0]
[3346  574    0    4    0    0    0    2]
[1262  132    2    0    0    0    0    0]
[1264  292    2    0    0    0    0    0]
[3984 1370    0    0    0    0   -2    0]
[4132 1688    0    0    0    0   -2    0]
[2852 1700    0    0    0    0    0   -2]
[4300 1368    0    0    0    0    0    0]
[ 226 1128    4    0    0    0    0    0]
[2550 2150    2    2    0    0    0   -2]
[358 808   2   2   0   0  -2   2]
[2408 2724    0   -2    0    0    0    0]
[2374  106   -2    2    0    0   -4   -2]
[3672  400   -2    2    0    0   -2    2]
[ 710 1734    6    0    0    0    0   -2]
[1606  940   -2    0    0    0   -2    2]
[2856 1078    0    2    0    0    0    2]
[3994 1048    2    0    0    0   -2    2]
[2380  438    0    0    0    0   -2    0]
[3796 2000    0    0    0    0    0    0]
[2700 1396    2    2    0    0    0    4]
[2090 1558    2    0    0    0    0    0]
[1378 2604    2   -2    0    0   -2    0]
[2260 2586    2   -2    0    0    0    0]
[3146 2870    2   -4    0    0    0    2]
[2860  588    2   -2    0    0    2   -2]
[3670  890    0    2    0    0    0    0]
[1270  454    2   -2    0    0    0    0]
[1578  124    2    0    0    0    0    0]
[3676  562    2    0    0    0    0    0]
[1188 1874    2    0    0    0   -2   -2]
[3176  906   -2    0    0    0   -2    0]
[ 462 2340    6    0    0    0    4    0]
[4432 1686   -2    0    0    0   -2    2]
[1908  612    0    0    0    0   -4    0]
[3184  246    0    0    0    0   -2   -2]
[3344  738    2    0    0    0    0    0]
[3800 1844   -2   -2    0    0   -2   -2]
[3994  562    2    2    0    0    0    0]
[2236 1246    2   -2    0    0    0    0]
[2856  916    0    2    0    0    0    0]
[3978 1530   -2    0    0    0    0    0]
[ 520 1270    2    0    0    0   -2   -2]
[4082 2448    0    0    0    0   -2   -2]
[3822  242    0    0    0    0   -4   -2]
[2554 2724    0    2    0    0    0    2]
[3836  724    0    2    0    0    0    0]
[2540  432    2   -2    0    0    0   -2]
[2700 2006    0    4    0    0    2    4]
[1126  784    4    4    0    0    0    2]
[3466 2298    0   -2    0    0    0   -4]
[2078 1094    0    0    0    0   -2    0]
[4294 1528    0    2    0    0    0    0]
[3304 2444   -2   -2    0    0   -2    2]
[1962 2448    0    0    0    0   -2    2]
[2996 2868    0    0    0    0    0    0]
[1988 3274    2    0    0    0    0    6]
[1434  618    0    0    0    0   -2    2]
[3838  560    2    0    0    0    2    0]
[2860   92    2    0    0    0   -2    0]
[3482 1690    0   -6    0    0   -2   -2]
[2232 1088    2   -2    0    0    0   -4]
[798 470   2   4   0   0  -2   2]
[802 626   2   2   0   0   0   0]
[2392 1400    2    4    0    0    0    0]
[3486 1536    0    0    0    0   -2    0]
[2548 1854    0   -2    0    0   -2    0]
[1522 2456    2    0    0    0    0    0]
[2056  114    0    2    0    0   -2    0]
[2380  272    2    0    0    0    2    0]
[3814 1530    0   -2    0    0    0   -2]
[1898  118    2    2    0    0    0    2]
[3644 1690   -2    0    0    0   -2    0]
[652 790   2   0   0   0   0   0]
[2546 1550    0   -2    0    0    0   -6]
[646 476   0   2   0   0  -2  -2]
[3346   80    2    0    0    0    0   -2]
[1332 1720    0   -2    0    0   -2   -2]
[3314 2000   -2   -2    0    0   -2    0]
[3774 2450   -2   -4    0    0   -2    0]
[3920 2594    0   -2    0    0    0   -2]
[4446 1210    2   -2    0    0    0    0]
[1796 1866    2    0    0    0   -2    0]
[2112 2588    0    0    0    0    0    0]
[2092 1712    2    0    0    0   -2    0]
[2400 2152    0   -4    0    0    0   -4]
[1266 3156    0    0    0    0    0    2]
[2268 3136    0   -4    0    0   -2   -6]
[2218  276    0    0    0    0   -2   -2]
[2384  766    0    0    0    0    0    0]
[4150 1208    0    2    0    0   -2    0]
[1310 1260    2    0    0    0    0   -2]
[506 956   2   0   0   0   0   2]
[2386  928    0    2    0    0    0    0]
[4446 1052    2   -2    0    0    2   -2]
[ 770 2480    4   -2    0    0    4    0]
[4106 2152    0    2    0    0    0   -2]
[2850 2296    0   -4    0    0    0    4]
[1806 2160    2   -2    0    0    0    0]
[3134 3276    0   -2    0    0   -2    4]
[1900  282   -2    0    0    0   -2    2]
[2540  598    0    0    0    0    0   -2]
[ 984 1104    0   -2    0    0   -2   -2]
[1746  448    2   -2    0    0   -2   -2]
[3184  412    0    2    0    0   -2    0]
[4116 2000    0    2    0    0   -2    2]
[3008 1700    0    4    0    0    0    2]
[2396 1706    2    0    0    0    0    0]
[3158 2000    0   -2    0    0   -2    0]
[3292 3012    2    0    0    0    0    0]
[ 956 2896    2    4    0    0    0    6]
[2994 3006    0    4    0    0    0   -4]
[3140 3144    2   -2    0    0    0   -2]
[1212 2320    0   -4    0    0   -2    2]
[ 540 1584   -2    2    0    0   -4    0]
[1742  284    2   -2    0    0    2    0]
[ 844 1422    2    4    0    0    0   -4]
[2544 1240    0   -2    0    0    2   -2]
[3326 1538    0   -2    0    0    2   -2]
[3640 1846    0    0    0    0    0    0]
[4152  884    0    0    0    0    0    0]
[4304 1208    2    0    0    0    2    0]
[1762  938    0    2    0    0   -2    0]
[3164 1696    0    0    0    0    0   -2]
[952 302   2   0   0   0   2   0]
[1022 1726    0   -4    0    0    0   -4]
[ 512 1114    2   -2    0    0    0    0]
[360 962   6   0   0   0   0   0]
[4150  722    0   -2    0    0    0   -2]
[2700 1550    0    2    0    0    0    2]
[500 644   2   0   0   0   0   0]
[ 382 1434    2    2    0    0    2    0]
[2412 3002    2    0    0    0    0    0]
[2104 2156    2    0    0    0    2   -2]
[1980 3006    0    0    0    0    0   -2]
[2556 3138    0    0    0    0   -2    2]
[1594  616    0    0    0    0    0    0]
[3336 1064    0    2    0    0   -2    2]
[2858  754    0    0    0    0    0    0]
[3018  912    2    0    0    0    0    2]
[3018  750    0    2    0    0   -2    2]
[1326 1568    2   -4    0    0    2   -2]
[ 364 1118    2   -2    0    0    0   -2]
[2542  924    0    2    0    0   -2    0]
[2700 1080    0    0    0    0    2    0]
[3958 2000    2    2    0    0    0   -2]
[1204 2172    2   -4    0    0   -2   -2]
[1644 1870    2    2    0    0    0    2]
[ 576 2046    0    4    0    0   -2    2]
[1172 1572    6   -4    0    0    4   -2]
[1458 1104    2    4    0    0   -2    2]
[3310 2298    0   -2    0    0    0    0]
[4294  728   -2    0    0    0   -4    0]
[2556 2864    2    0    0    0    0    0]
[1532 2738    2    0    0    0    0    0]
[1276  618    2    4    0    0   -2    0]
[1588  452    0    0    0    0    0    0]
[1428  452    0   -2    0    0   -2   -2]
[2230  932    2    2    0    0    0    2]
[1118  620    2    0    0    0    4    0]
[3986  406   -2    0    0    0    2    4]
[4304 1048    0    0    0    0    0    0]
[2248 2010    0    6    0    0    0    2]
[2548 2006    0    0    0    0    0    2]
[4142  564    0    0    0    0    0    0]
[ 918 2476   -2    4    0    0   -2    4]
[1666 2452   -2    0    0    0   -4    2]
[4072 2594    2   -4    0    0    2   -2]
[1932 1408    0    0    0    0   -2   -2]
[1222 2464    2   -4    0    0    0   -2]
[1812 2306    2    0    0    0    0    0]
[2400 2006    2    0    0    0    0   -2]
[3758 2738    0   -6    0    0   -2    0]
[1834 3008    0   -2    0    0    0    0]
[  98 1442   -4   -2    0    0   -6   -2]
[3820 1374    0    2    0    0    0    0]
[1632 1564    2   -2    0    0    0   -6]
[3010 1544    2   -2    0    0    0    0]
[2072  774    2    2    0    0    0    2]
[3670  242    0    2    0    0    0    0]
[2238 1400    0   -4    0    0   -2   -4]
[ 910 2324    4   -8    0    0    0   -8]
[3162 1848    0    0    0    0    0    0]
[1954 2154    0   -4    0    0   -2   -6]
[3628 2150   -2   -2    0    0   -2   -2]
[1230 2610    0    4    0    0    0    0]
[2262 2728    0    2    0    0    0    0]
[3932 2450    2   -2    0    0    0    0]
[ 112 1598   -4    2    0    0   -2    2]
[2700 2724    0   -2    0    0   -2    0]
[2844 3274    0    0    0    0   -2   -2]
[2698  428    0   -2    0    0   -2    0]
[3452 2738    0    0    0    0    0    6]
[1420  130    2    4    0    0    0    4]
[4436 1528   -4    0    0    0   -4    0]
[500 798   0   0   0   0  -2   0]
[ 756 2332    0    0    0    0    0    0]
[ 446 2194    2   -2    0    0    2    2]
[1488 1718    4   -2    0    0    0   -4]
[1356 2172    2    0    0    0    0   -2]
[1350 2024    2    0    0    0    2    2]
[2846 3006    0    4    0    0   -2    0]
[802 164   2   2   0   0   0   4]
[2254 2300    0    0    0    0    0    0]
[ 970 3028    2    4    0    0    0    6]
[1826 2732    2    0    0    0    0    4]
[   6 1900   -2   -2    0    0    0    0]
[2384  602    2    0    0    0    0   -2]
[966 782   2  -2   0   0   2  -4]
[1144 1104    2    2    0    0    2    2]
[1922  936    4    2    0    0    2    0]
[3172 1226    0    0    0    0    0   -2]
[3832  400    0    0    0    0   -2    0]
[2546 1396    2   -2    0    0    0   -2]
[800 312   6  -2   0   0   2   2]
[ 900 2182    6   -2    0    0    0    0]
[1002 1420    0   -2    0    0    0    0]
[1446  778    4   -2    0    0    4    0]
[806 784   2   0   0   0  -2  -2]
[2858  424   -2    2    0    0   -4    2]
[3660 1216    0    2    0    0    0    0]
[3782 2306    0    2    0    0    0    0]
[4298  890   -2    2    0    0   -4    2]
[1774 1254    0    0    0    0   -2   -2]
[3612 2592    0   -2    0    0   -2   -4]
[3462 2444    0   -2    0    0    0   -2]
[3618 2450    2    0    0    0    0    0]
[2394 1554    2    0    0    0    0    0]
[3322 1696    0    2    0    0   -2    2]
[2850 2440    0   -2    0    0    2    0]
[2246 1858    0   -2    0    0   -2   -2]
[ 782 2624    4    4    0    0    0    0]
[2412 3140   -2    2    0    0   -2    0]
[2992 3144    0    0    0    0   -2    0]
[2850 2002   -2    0    0    0    0    2]
[2552 2440    0   -2    0    0    0    0]
[1548 3016    2   -2    0    0    0    6]
[2268 3004    2    0    0    0    2    0]
[4382 2298    0    0    0    0   -6    4]
[1600  780    2    2    0    0    0    2]
[ 532 1428    2    0    0    0    0    0]
[3948 2156   -2    6    0    0   -2    6]
[ 942 2754    0    0    0    0    0    0]
[1052 2180    2    4    0    0    0   -2]
[1924 1096    2    0    0    0    0    2]
[ 478 2484    6    4    0    0    2    6]
[1464 1260    0    2    0    0   -2    4]
[1514 2308    2   -2    0    0    0   -6]
[ 664 1108    0   -2    0    0   -2    0]
[2552 2582    0   -4    0    0    0    0]
[1402 3020    0    4    0    0    0    0]
[2130 3274    2    2    0    0   -2    6]
[2106 2302    0    0    0    0   -2    4]
[2558 3272    2    0    0    0    0    0]
[3964 1848    0    2    0    0   -2    2]
[1612 1098    0   -2    0    0   -2   -4]
[2386 1090    0    4    0    0   -2    4]
[1478 1566    2   -4    0    0   -2   -2]
[ 996 1264    4    2    0    0    2    2]
[1756  778    2    2    0    0   -4    2]
[3446 2878    0   -2    0    0   -2   -2]
[1072 2466    4   -6    0    0    0   -4]
[2700 1704    0    0    0    0    0   -2]
[1662 2312    2    6    0    0   -4    4]
[2406 2586    0    2    0    0    0    6]
[4230 2446    2   -4    0    0    0   -4]
[1034 1882    2    4    0    0    2    0]
[3974  250    2    2    0    0    0    2]
[1674 2596    2    0    0    0    0    0]
[1944 1862   -2   -2    0    0   -2   -2]
[1830 2872    0    4    0    0   -2    0]
[1540 2878    2   -2    0    0    0   -2]
[  98 1290    4    0    0    0    0    0]
[1638 1716    0   -2    0    0    0   -2]
[3768 2598    0    0    0    0    0    2]
[1300 1102    2    2    0    0    0    4]
[3170 1386    0    2    0    0    2    0]
[1162 1420    2    0    0    0    0    2]
[3000 2300   -2    0    0    0   -2    2]
[1318 1414    4   -4    0    0    0   -4]
[4442  894    0    0    0    0   -2    2]
[3598 2876    0   -2    0    0   -2   -4]
[2700 2152    0    2    0    0    0    2]
[ 564 1894    0    0    0    0   -4    6]
[3156 2150    0    0    0    0   -2    2]
[3312 2150    0   -2    0    0    0    0]
[2848 2586    0    2    0    0   -2    2]
[ 260 1744    2   -2    0    0    0   -4]
[ 590 2192    0    0    0    0   -4    0]
[2702 2582    2   -4    0    0    0   -4]
[ 274 1898    4    0    0    0    2    2]
[510 342   2   2   0   0   4  -2]
[3432 3148    0    0    0    0   -2    2]
[2848 2726    0    2    0    0   -2    0]
[ 698 1580    0   -2    0    0   -2   -2]
[3504   84    0    2    0    0   -2    2]
[4140 1528    2   -2    0    0    0    0]
[ 878 1880    6   -6    0    0    2   -6]
[1132  942   -2    0    0    0   -2   -2]
[ 856 1578    2   -2    0    0    0    0]
[656 948   0  -2   0   0  -2   0]
[ 676 1268    0    0    0    0   -2    0]
[956 462   4   0   0   0   2   2]
[2086 1406    0    0    0    0    0   -2]
[3992  722   -4    0    0    0   -4    0]
[2110 2444    2   -2    0    0   -2    0]
[1770 1100    2    4    0    0    0    0]
[224 974   4   0   0   0   2   0]
[1784 1564    0    2    0    0    0    0]
[3458 2592    2    0    0    0    0    0]
[1820 2590    0   -2    0    0   -2    0]
[1012 1574    0   -4    0    0   -2   -4]
[2698  920    0    2    0    0   -2    0]
[3478 1846    0    0    0    0   -2    0]
[3000 2438    0   -6    0    0    0   -2]
[3020   88   -2    0    0    0   -4    2]
[1656 2160    2   -6    0    0    0   -4]
[2850 2152   -2    2    0    0   -2    4]
[504 490   4   2   0   0   2   0]
[952 152   2   4   0   0  -2   2]
[3942 2304    2    2    0    0    2    2]
[ 250 1594    4    4    0    0    2    2]
[ 494 2624    0    2    0    0    2    2]
[1090 2754    2    2    0    0   -2    6]
[3894 2878    0    0    0    0   -2    2]
[1112 3024    0    0    0    0   -2   -2]
[1752  616    2    4    0    0   -2    4]
[1422  290    0    0    0    0   -2    2]
[4122 1846   -2    0    0    0   -4    2]
[1506 2164    0    0    0    0   -2    0]
[4412 1992   -4   -2    0    0   -4   -6]
[ 372 1274    4   -2    0    0    0   -2]
[ 140 1902   10    6    0    0    2    0]
[3148 2726    2   -4    0    0    0   -4]
[4256 2152    0    0    0    0   -2    0]
[3816   94    4    2    0    0    4    2]
[1782 1412    4    2    0    0    0    2]
[1972 2730    2    0    0    0    2    0]
[ 230 1284    2    2    0    0   -2    2]
[2122 3004    0   -2    0    0   -2   -2]
[1976 2868    2    0    0    0    0   -2]
[3012 1388    0   -2    0    0    2   -2]
[2240 1552    0   -4    0    0   -2   -2]
[2550 2296    0    0    0    0    0    0]
[3152 2444    0    0    0    0   -2    2]
[1180 1724    2   -4    0    0    2    0]
[2126 3136    0   -4    0    0    0   -6]
[2854 1548    0    0    0    0    0    0]
[2096 1862    2    0    0    0    0    0]
[4444 1370   -2    0    0    0   -2    0]
[4242 2302   -4    0    0    0   -6    2]
[3590 3014    2   -4    0    0    0   -2]
[ 536 2892    2   -2    0    0   -2    0]
[2100 2006    2   -6    0    0    2   -2]
[1936 1558    2   -4    0    0   -4   -4]
[ 688 1424    2   -2    0    0    0   -2]
[1152 1260    4   -4    0    0    2    0]
[3006 1848    2   -2    0    0    0   -2]
[3660   86    0    0    0    0   -4   -2]
[1958 2306    0    4    0    0   -2    2]
[2272 3270    0    2    0    0    0    0]
[ 622 2480    2   -2    0    0   -2    0]
[2990 3276    2   -2    0    0    0    2]
[1080 2614    0    4    0    0   -2    2]
[1422 3278    2   -2    0    0    0   -4]
[3296 2872    0    2    0    0    0   -2]
[1686 2876    2    2    0    0    0    0]
[3286 3146    0   -2    0    0    0   -2]
[ 794 2758   -2   -4    0    0    0    0]
[4572 1216   -4    0    0    0  -14    2]
[ 720 1890    0    4    0    0   -2    4]
[1792 1714    4    0    0    0    2   -2]
[ 418 1890    4   -6    0    0    0   -4]
[3300 2732    0    0    0    0    0    0]
[1620 1258    2    2    0    0   -2    0]
[1698 3148    2    0    0    0    0    0]
[1128 3154    4   -2    0    0    2   -2]
[1816 2448    2   -4    0    0    0   -2]
[1690 3010    0   -2    0    0   -2   -2]
[ 674 2892    2   -6    0    0    2   -2]
[1102 2888    2   -2    0    0    0   -4]
[1196 2022    2   -8    0    0    0   -6]
[222 818   0  -2   0   0   0   0]
[2256 2446    0    0    0    0   -2    4]
[ 608 2336    2    0    0    0    2   -4]
[3440 3016    0    0    0    0    0    2]
[1394 2884    0    0    0    0    0    0]
[4560 1840    4    2    0    0    4    2]
[ 404 1742    2    2    0    0    0   -2]
[2700 2442    2    0    0    0    0    2]
[1950 2012    2    0    0    0   -2    0]
[ 654 2762    2    2    0    0    2    4]
[1386 2742    0   -2    0    0    0    0]
[1552 3148    0   -4    0    0   -2   -2]
[ 984 3156   -2   -4    0    0    0    4]
[2700 2292    0   -8    0    0    0   -4]
[1492 1874    0    2    0    0   -4    4]
[4424 1840    0   -2    0    0    2   -2]
[4400 2148    2    0    0    0    0    0]
[2702 3002    2    0    0    0    0    0]
[4368 2444    0    2    0    0   -2    2]
[1846 3274    0   -2    0    0    0    0]
[1704 3278    0    2    0    0    0    4]
[2556 3002    0   -2    0    0    0    0]
[362 654   2  -2   0   0   4   2]
[ 930 2616   -2    0    0    0   -2    4]
[1562 3280    0    0    0    0    2    0]
[2846 3138    0   -2    0    0    0   -2]
[518 200  -4   8   0   0   0   2]
[3328 1384   -2    2    0    0   -2    2]
[1500 2016    2   -6    0    0   -2   -4]
[4574 1372   -8    0    0    0    0    0]
[ 388 1590   -2    0    0    0   -4    4]
[1062 2326    4    4    0    0    0    6]
[1248 2888    2    4    0    0   -2    0]
[1256 3022   -2    2    0    0    0    0]
[2848 2866    0    2    0    0    0    0]
[2120 2868    0    0    0    0    0    0]
[ 732 2038    4    0    0    0   -2    2]
[ 744 2190    4    4    0    0   -2    4]
[1842 3140    2   -6    0    0    2   -4]
[ 152 2048    2   -4    0    0   -2   -2]
[1342 1876    4    2    0    0    2    0]
[3302 2588    0   -2    0    0    0    2]
[2700 3274    0    2    0    0   -2    2]
[ 516 2758    2   -4    0    0    2   -2]
[ 816 2894    8   -2    0    0    2   -4]
[1040 2030    0    2    0    0   -4    4]
[656 180  -4   6   0   0  -4   4]
[3278 3276   -2   -2    0    0   -2   -2]
[ 554 1734    0   -4    0    0    2   -4]
[2700 1240    0    4    0    0    0    2]
[1650 2020    0    6    0    0    0    2]
[2250 2152   -2   -2    0    0    0    0]
[1364 2312    2   -4    0    0    0   -4]
[ 96 988   2   2   0   0   4   4]
[ 236 1440    0    4    0    0   -2    4]
[ 284 2048   -2    2    0    0   -4    2]
[650 326   0   4   0   0   0   4]
[1238 2746    2   -2    0    0    0   -4]
[1278 3282    0    4    0    0   -4    4]
[1372 2464    4    4    0    0    0    0]
[3624 2300    0   -2    0    0    0    0]
[3142 3006    0   -2    0    0   -2   -4]
[ 342 2484    4    2    0    0    0    2]
[1412 3152    4    0    0    0    0   -2]
[3424 3276    2    2    0    0    0    0]
[2264 2868    0    2    0    0   -2    2]
[4288  578   -2    6    0    0   -2    6]
[  90 1136   -4   -2    0    0   -4   -2]
[2700 2868    0    0    0    0    0    2]
[ 376  360 -132   20    0    0    2    0]
[4218 2588    0    0    0    0    6   -4]
[ 636 2622    2   -2    0    0    0   -2]
[1680 2738    0    2    0    0    0    2]
[4054 2736    0   -4    0    0    0    0]
[ 320 2338   -2   -2    0    0   -4    0]
[3000 2582    0   -4    0    0    0   -4]
[3960  104   -4   -2    0    0   -2   -2]
[ 364 2624    6    4    0    0    0    2]
[ 174 2192    8   -6    0    0    0   -4]
[ 828 3024    2   -6    0    0   -2   -4]
[3750 2878    0   -2    0    0    2   -2]
[ 304 2196    2    2    0    0    0    0]
[4568 1684    0    0    0    0   -2   -2]
[ 124 1750   -2    2    0    0   -4    0]
[4580 1528    0    0    0    0   10    0]
[3912 2738    2    0    0    0    2   -2]
[2414 3270    0    0    0    0    0   -2]
[ 388 2756    6    0    0    0    4    0]
[ 234 2616 -124   -4    0    0    2    2]
[  22 2046 -128   -6    0    0   -6   -4]
[4136  414    0    0    0    0    4    4]
[ 190 2336    6    0    0    0   -2    0]
[ 408 2888 -126   -6    0    0    2    4]
